2720.06022997
2833.14428997
2920.17631997
3017.22907997
3116.29748997
3244.39244997
3357.47650997
3460.48569997
3573.56975997
3630.59121997
3777.65962997
3933.76073997
4020.79276997
4183.85609997
4270.88812997
4371.93580997
4508.99471997
4566.01617997
4680.05910997
4779.12751997
4916.18642997
5015.25483997
5128.33889997
5241.42295997
5312.46006997
5427.48700997
5590.55033997
5691.59801997
5854.66134997
5925.69845997
6012.73048997
6115.73967997
6228.82373997
6359.86422997
6472.94828997
6572.01669997
6758.09600997
6857.16441997
7013.26552997
7141.32410997
7228.35613997
7375.42454997
7446.46165997
7574.55661997
7730.65772997
7893.72105997
7994.76873997
8107.85279997
8178.88990997
8307.93249997
8422.95943997
8520.01219997
8577.03365997
8733.13476997
8848.16170997
8919.19881997
9022.20800997
9121.27641997
9218.32917997
9347.37176997
9434.40379997
9547.48785997
9634.51988997
9747.60394997
9910.66727997
10038.72586
10137.79427
10234.84703
10362.94199
10459.99475
10573.07881
10660.11084
10773.1949
10902.23749
11031.28008
11088.30154
11191.31073
11319.36931
11390.40642
11493.41561
11624.4561
11737.54016
11865.63512
12028.69845
12142.74138
12213.77849
