988
783 111
336 48
14 439
315 506
412 127
711 313
531 844
14 12
751 530
268 283
902 97
103 197
157 918
173 233
859 427
16 245
125 871
651 31
505 69
266 175
273 364
753 955
901 900
65 51
588 72
221 592
571 376
380 177
19 78
73 963
291 507
820 110
849 312
231 19
263 227
356 724
236 434
159 372
528 110
223 216
557 8
182 226
613 66
767 279
249 268
518 323
576 595
296 187
544 319
130 323
392 411
521 746
19 52
718 421
151 779
392 389
56 62
438 298
615 747
350 530
554 336
575 796
33 240
69 550
57 58
6 39
40 750
216 132
366 522
440 62
28 24
194 826
386 98
116 45
275 318
26 13
9 928
301 615
1 264
622 420
687 159
288 46
481 656
236 190
247 242
400 492
731 501
728 793
443 56
136 278
123 690
494 920
75 64
17 16
43 217
503 60
187 164
35 34
162 91
481 48
156 153
727 665
191 285
94 159
932 681
735 890
242 605
914 463
962 442
424 458
326 834
69 342
140 374
848 178
408 729
363 501
97 184
899 364
361 705
829 535
597 594
288 635
94 18
34 42
329 423
101 400
261 476
916 192
452 375
514 201
404 377
704 965
222 164
7 141
654 452
185 215
72 183
46 520
27 3
377 646
929 626
109 290
231 684
264 379
54 85
924 568
611 636
217 713
238 284
52 69
502 821
107 190
125 682
504 274
497 629
414 515
904 347
64 59
981 283
478 877
688 154
717 186
132 900
67 128
23 81
76 361
342 535
795 837
838 367
864 276
37 55
51 317
50 113
449 3
439 745
47 76
870 610
766 45
547 752
389 811
968 288
230 70
10 2
234 22
782 45
383 95
771 220
825 510
249 186
153 218
358 356
106 63
329 664
521 426
28 177
129 51
426 207
45 15
556 353
708 800
341 956
462 630
40 31
737 812
48 926
370 26
252 4
268 881
847 676
838 935
183 398
12 41
229 60
21 29
883 626
414 82
778 930
952 629
548 778
283 470
298 73
390 228
42 161
640 272
169 103
915 246
86 584
194 437
138 86
943 685
969 248
758 892
115 350
619 140
165 326
537 380
8 959
257 536
777 95
149 334
286 509
74 11
281 896
3 6
294 324
116 299
305 292
297 86
659 449
722 353
241 90
621 218
468 665
215 313
48 294
387 55
127 67
20 19
161 569
784 641
48 163
941 944
517 205
938 528
265 603
15 157
319 406
607 744
6 21
634 874
435 401
73 40
193 105
866 515
45 417
109 648
21 43
835 311
220 895
27 407
235 337
951 901
281 382
265 122
574 203
220 836
925 221
624 196
186 730
625 536
903 608
344 244
841 803
88 124
681 266
552 445
332 34
71 176
447 378
788 282
42 77
710 921
146 99
320 498
271 64
337 465
646 919
362 215
950 776
954 222
631 339
195 146
76 889
332 399
79 191
446 982
52 587
947 197
384 715
399 402
75 134
232 150
315 304
527 296
561 365
755 631
276 176
57 204
243 669
776 514
596 579
68 178
300 138
130 122
319 797
132 735
219 225
316 662
15 1
795 55
606 289
3 5
254 360
377 261
737 127
155 327
810 358
309 454
171 235
106 272
308 272
601 770
188 564
891 16
281 316
425 89
868 957
78 431
160 281
158 25
522 555
598 456
983 951
289 118
3 12
31 432
348 131
471 129
600 19
578 686
843 738
617 334
67 8
66 261
139 373
118 182
948 167
22 2
24 763
467 634
207 349
148 367
191 683
852 248
447 949
422 171
723 356
985 747
627 600
105 211
934 199
742 105
517 572
388 20
320 691
845 187
474 225
643 314
242 54
855 303
31 237
222 393
6 805
401 396
253 455
53 90
121 111
368 265
445 239
175 56
46 125
619 787
8 18
660 453
250 202
568 559
66 304
639 134
331 60
391 175
13 31
109 209
817 251
118 33
81 472
159 301
13 12
180 82
832 813
463 152
1 82
75 243
578 64
880 868
496 758
420 27
178 768
668 547
721 170
346 6
42 202
819 645
263 325
352 430
560 491
118 160
636 822
29 149
616 676
262 397
467 274
43 461
33 5
607 6
831 296
253 827
57 60
842 761
59 322
460 973
61 31
30 63
92 205
275 851
46 88
200 124
555 570
337 469
456 10
206 99
32 740
443 632
3 1
732 38
823 714
105 98
93 68
661 119
906 243
600 769
727 960
108 20
476 699
857 691
748 143
314 148
259 310
150 118
86 330
240 933
57 208
532 228
345 261
573 958
369 375
116 224
738 85
91 47
680 317
394 429
248 212
44 37
66 716
56 28
457 359
486 3
189 280
583 813
122 74
74 192
531 893
280 287
242 614
56 136
262 464
229 700
418 373
741 615
352 410
695 406
238 262
922 946
86 126
552 885
196 127
111 104
922 575
76 95
17 46
25 365
203 30
251 424
352 277
728 604
208 773
408 348
25 580
118 559
753 589
33 54
350 860
685 627
421 321
45 396
63 734
613 623
314 702
886 634
207 116
907 168
356 743
384 553
8 1
97 910
287 815
296 436
504 579
200 253
791 206
647 192
814 79
135 37
543 38
405 187
347 103
462 111
549 139
887 301
719 867
769 774
475 941
119 20
92 54
372 519
69 539
875 44
352 354
260 47
360 500
524 833
41 115
25 12
780 473
416 414
117 54
19 23
12 16
752 931
70 42
131 33
181 20
226 395
907 979
749 632
102 35
83 228
627 806
64 79
91 378
172 134
725 187
531 858
188 403
683 872
856 472
361 533
62 980
117 258
124 143
89 964
494 391
898 411
566 790
92 153
389 170
433 303
411 576
383 694
214 74
692 502
415 254
585 912
55 726
970 132
205 381
101 22
142 63
41 57
251 220
351 43
440 840
808 154
189 109
644 631
135 708
923 872
179 246
164 320
321 28
781 156
562 377
853 525
180 488
11 199
987 903
345 369
171 173
117 306
794 625
165 785
353 257
586 237
4 11
30 171
136 719
152 137
459 884
137 254
403 816
706 85
334 608
157 754
663 409
17 36
107 765
18 38
90 112
583 33
568 641
29 80
80 712
275 128
475 861
34 11
7 109
123 74
798 91
17 356
942 433
463 645
937 549
86 14
422 939
975 286
936 45
703 652
174 698
198 269
789 312
219 525
879 319
567 316
151 119
440 620
125 460
693 459
445 558
164 707
466 227
357 869
49 144
166 593
228 293
519 850
516 64
807 700
611 366
103 79
545 345
170 633
107 220
307 151
1 7
326 675
98 801
343 55
232 291
354 573
120 76
616 20
14 148
166 210
536 638
52 59
89 80
799 267
538 123
534 775
704 66
966 174
333 133
256 175
71 179
477 60
590 133
652 273
37 72
272 761
626 4
475 612
863 405
607 672
68 3
441 252
300 927
19 24
167 103
32 13
539 642
30 5
90 882
341 489
291 480
386 846
468 99
453 17
132 137
98 185
302 246
542 484
508 331
655 423
176 602
760 332
862 326
6 940
483 216
39 279
108 270
608 674
178 585
359 313
212 156
280 873
267 37
90 145
439 459
76 147
339 263
679 536
757 181
56 170
175 610
491 395
601 143
51 450
32 107
714 199
484 430
319 5
338 277
34 51
961 765
551 207
653 602
317 340
540 237
77 894
53 221
49 41
409 231
861 905
89 512
444 379
48 15
161 376
101 194
589 238
179 446
253 496
691 803
823 986
477 497
478 301
186 160
701 580
40 53
133 36
976 466
97 490
576 868
513 546
110 2
83 804
292 175
533 670
2 1
255 720
408 839
4 257
123 139
239 534
222 482
244 12
188 2
219 100
523 57
742 809
565 483
854 792
465 563
273 271
405 487
97 21
897 238
274 311
155 357
329 63
33 303
971 914
126 609
644 710
117 312
237 802
172 198
988 929
385 274
689 187
442 35
974 380
76 366
102 114
878 127
599 160
213 57
417 451
305 335
80 908
168 34
625 759
118 978
382 772
413 353
90 259
84 25
26 239
3 4
132 475
19 47
531 138
9 2
66 57
696 131
620 977
74 282
78 604
305 479
911 619
2 485
473 89
657 366
709 650
223 309
510 272
671 231
167 201
71 49
428 91
176 255
277 185
598 736
572 666
828 519
227 203
917 194
101 104
543 824
577 336
678 326
223 733
328 502
151 384
618 528
747 756
87 58
637 8
42 677
248 286
575 170
27 155
226 371
342 511
495 370
