3916.79741502
4015.86582502
4171.96693502
4286.00986502
4401.03680502
4514.12086502
4615.16854502
4728.25260502
4815.28463502
4872.30609502
5003.34658502
5074.38369502
5260.46300502
5373.54706502
5472.61547502
5586.65840502
5683.71116502
5786.72035502
5972.79966502
6119.86807502
6222.87726502
6337.90420502
6465.96278502
6567.01046502
6695.06904502
6810.09598502
6913.10517502
7026.18923502
7155.23182502
7252.28458502
7339.31661502
7468.35920502
7631.42253502
7688.44399502
7816.50257502
7919.51176502
7976.53322502
8162.61253502
8291.65512502
8406.68206502
8519.76612502
8648.80871502
8834.88802502
8947.97208502
9061.05614502
9224.11947502
9339.14641502
9502.20974502
9649.27815502
9835.35746502
9932.41022502
10019.442255
10120.489935
10267.558345
10380.642405
10509.684995
10580.722105
10683.731295
10798.758235
10926.853195
11039.937255
11154.964195
11292.023105
11349.044565
11446.097325
11561.124265
11674.208325
11803.250915
11966.314245
12129.377575
12266.436485
12422.537595
12578.638705
12692.681635
12763.718745
12891.777325
13005.820255
13136.860745
13265.903335
13422.004445
13550.099405
13706.200515
13892.279825
13989.332585
14102.416645
14288.495955
14345.517415
14402.538875
14588.618185
14659.655295
14772.739355
